0.930709965757993
0.931427046738115
0.958512140347756
0.962567261084182
0.95989627340241
0.952694890381109
0.9294119935963
0.924550851603149
0.918644661359897
0.951305198559168
0.951388580068484
0.955554876150665
0.946035487170365
0.946913772401832
0.930709965757993
0.931427046738115
0.958512140347756
0.962567261084182
0.95989627340241
0.952694890381109
0.9294119935963
0.924550851603149
0.918644661359897
0.951305198559168
0.951388580068484
0.955554876150665
0.946035487170365
0.946913772401832
0.947917129897274
0.948845444034331
0.952761595588562
0.952578156268066
0.952983946280073
0.952180704406991
0.930001222928803
0.951702650420243
0.968326143994308
0.968031529328056
0.968918152710455
0.969123827100102
0.963428870013786
0.967595166095967
0.957672766487304
0.957883999644239
0.958125806021257
0.957355916751901
0.92607673322364
0.956035709521057
0.963887468315026
0.963620647485214
0.963312135900743
0.962361586694535
0.944873704807222
0.962650642593498
0.984340952550362
0.983843442878107
0.984365967003157
0.98311524436341
0.966833614977543
0.98345154978432
0.963011962467203
0.962864655134077
0.962478320807578
0.961533330368657
0.937333236981367
0.96105527638191
0.959134722283986
0.959095810912972
0.958981856183573
0.95819251122871
0.935587784053008
0.958150820474052
0.986319873704807
0.986036376573131
0.98616422822075
0.985952995063815
0.972831524881042
0.985408235869614
0.960215902521457
0.960338195401788
0.960171432383155
0.959496042157691
0.92983445991017
0.958484346511318
0.95991017032063
0.960099168408414
0.98345154978432
0.983626650953884
0.958034086361009
0.95834259794548
0.958128585404901
0.958123026637613
0.982945701961133
0.983445991017032
0.961422155022902
0.961805709965758
0.959081913994753
0.959098590296616
0.983307021834838
0.983498799306266
0.958992973718148
0.95881509316494
0.959012429403655
0.958973518032641
0.985958553831102
0.986317094321163
0.959154177969494
0.959365411126429
0.954551518655223
0.954846133321475
0.984746742562369
0.985230355316405
0.955171321207809
0.955315849157291
0.960846822608618
0.96075510294837
0.985616689642905
0.98557777827189
0.961202583715035
0.961194245564104
0.955232467647974
0.955621581358118
0.985197002712678
0.985880731089074
0.955251923333482
0.955652154578201
0.985277604838351
0.956813936941344
0.985422132787833
0.984935740650153
0.956410926312981
0.985124738737937
0.988120914306044
0.963011962467203
0.988056988482234
0.987990283274781
0.962856316983146
0.988129252456975
0.984702272424067
0.960543869791435
0.98468281673856
0.984368746386801
0.960082492106551
0.984460466047049
0.983165273269
0.962483879574865
0.98302908347045
0.982934584426558
0.962311557788945
0.982853982300885
0.964621225597012
0.96085516075955
0.965013118690799
0.964298817094321
0.96061891314982
0.96484913505581
0.98331535998577
0.957511562235959
0.983796193356161
0.98338762396051
0.957892337795171
0.983835104727176
0.984924623115578
0.96048272335127
0.98505525414684
0.984913505581002
0.960796793703028
0.985216458398186
0.987200938319918
0.963373282340908
0.987078645439587
0.98725930537644
0.963645661938009
987156468181616
0.985149753190732
0.961769577978387
0.984691154889492
0.985130297505225
0.961947458531596
0.984796771467959
0.968467892560146
0.964201538666785
0.968770845377329
0.968337261528883
0.964346066616267
0.968762507226397
0.983348712589496
0.957191933116912
0.983509916840841
0.983393182727798
0.95724752078979
0.983462667318895
0.988348823764842
0.963501133988527
0.988468337261529
0.988412749588651
0.963662338239872
0.988654555965669
0.984157513229866
0.959215324409659
0.98406023480233
0.984226997820963
0.959095810912972
0.984257571041046
0.968098234535509
0.961997487437186
0.968323364610664
0.967795281718326
0.962078089562859
0.968145484057455
0.984179748299017
0.959712834081914
0.984124160626139
0.98433261439
0.959676702094543
0.984435451594254
0.984343731934006
0.984441010361542
0.984432672210611
0.962875772668653
0.984421554676035
0.983851781029039
0.95709743407302
0.983979632676658
0.983679459243118
0.957180815582336
0.983935162538355
0.959448792635745
0.959465468937608
0.958723373504692
0.959596099968871
0.985891848623649
0.98611419931516
0.984763418864233
0.984830124071686
0.960646706986259
0.960716191577356
0.959976875528083
0.960643927602615
0.958845666385022
0.959198648107796
0.958198069995998
0.95809245341753
0.984502156801708
0.984885711744564
0.983376506425935
0.982198047760929
0.960238137590608
0.960363209854583
0.959679481478187
0.959415440032019
0.959512718459554
0.960024125050029
0.958439876373016
0.958684462133677
0.985466602926135
0.985958553831102
0.984757860096945
0.983471005469827
0.961566682972384
0.961972472984391
0.96076899986659
0.960496620269489
0.98635044692489
0.990047027171254
0.990352759372082
0.990619580201894
0.9908669453462
0.990183216969805
0.986247609730066
0.990488949170632
0.990825254591542
0.991136545559657
0.990536198692578
0.990438920265042
0.986664517276649
0.990819695824254
0.991156001245164
0.990978120691955
0.990964223773736
0.990900297949927
0.985602792724685
0.990969782541024
0.9912532796727
0.991314426112865
0.991422822074977
0.991000355761106
0.988284897941033
0.958256437052519
0.957186374349624
0.950085049139503
0.955196335660604
0.939812447191711
0.941546782585494
0.941638502245742
0.940882509894606
0.940838039756304
0.958559389869702
0.94125772668653
0.955805020678614
0.946271734780095
0.947002712678436
0.9389313825766
0.938711811268733
0.939979210210344
0.945763107573265
0.945913194290034
0.946452394716948
0.954412549473029
0.954042891448392
0.950793791968693
0.949437452750478
0.951124538622315
0.950518632987949
0.950607573264553
0.949648685907413
0.954696046604705
0.953634322052742
0.95343976519767
0.952825521412372
0.944131609374305
0.945690843598524
0.968070440699071
0.968857006270289
0.949003868902032
0.948845444034331
0.950032240850269
0.964337728465335
0.964115377773825
0.965174322942144
0.963048094454574
0.962528349713168
0.96366789700716
0.963523369057678
0.963173166718548
0.964020878729933
0.946621937119224
0.94648296793703
0.947630853381954
0.947953261884644
0.947703117356695
0.949006648285676
0.988132031840619
0.988309912393828
0.960588339929737
0.960541090407791
0.939426112865211
0.939050896073287
0.944440120958776
0.943267221061058
0.944431782807845
0.943222750922755
0.945068261662294
0.94383421532441
0.946163338817984
0.944840352203495
0.945877062302664
0.944601325210121
0.940893627429181
0.939787432738916
0.94087139236003
0.939918063770178
0.941527326899987
0.940587895228354
0.943078222973273
0.941935896295637
0.942619624672033
0.941455062925246
0.948992751367457
0.948397963267666
0.95728365277716
0.951430270823142
0.957772824298484
0.95733368168275
0.951524769867034
0.957742251078401
0.958450993907591
0.952672655311958
0.958854004535954
0.988618423978299
0.96343164939743
0.98867679103482
0.988754613776849
0.963423311246498
0.988988082002935
0.988182060746209
0.986617267754703
0.934453795526304
0.936671743674123
0.986317094321163
0.944137168141593
0.988815760217014
0.938075332414284
0.986611708987415
0.987620625250144
0.988482234179748
0.986144772535243
0.986964690710188
0.954076244052119
0.954454240227687
0.954898941610708
0.954340285498288
0.943542380041802
0.953033975185663
0.955896740338862
0.957155801129541
0.956852848312358
0.956060723973852
0.946427380264153
0.954893382843421
0.966575132298661
0.987089762974163
0.955507626628719
0.987025837150354
0.945240583448214
0.98682294214435
0.987598390180993
0.987256525992796
0.959937964157069
0.959329279139058
0.929320273936052
0.931891203806644
0.95014063681238
0.987715124294037
0.988654555965669
0.967825854938409
