# min score: 500 
8  8 
SLTFR1  group2 0.075 1425 7 27 8 0.075  (1425,7,27,8)(1359,1,22,8)177.272727272727,1.64545454545455,3,27,29,20
2  2 
SLTFR2  group1 0.8 3082 8 24 2 0.8  (3082,8,24,2)(2584,9,25,3)132.727272727273,2.25,0,23,26,22
5  6 
SLTFR3  group1 0.175 1663 1 18 5 0.163  (1645,2,19,6)(1663,1,18,5)115.454545454545,1.46818181818182,3,27,25,18
4  4 
SLTFR4  group1 0.506 2006 1 20 4 0.506  (1988,2,21,4)(2006,1,20,4)164.090909090909,1.95909090909091,0,23,27,22
3  3 
SLTFR5  group2 0.075 1354 8 26 3 0.075  (1354,8,26,3)(1210,8,26,3)110.909090909091,1.1,2,25,29,27
5  6 
SLTFR6  group1 0.5 2124 6 24 5 0.5  (2011,6,25,6)(2124,6,24,5)128.636363636364,1.54090909090909,1,26,27,23
4  4 
SLTFR7  group1 0.1 1537 7 23 4 0.037  (1537,7,23,4)(1462,7,24,5)172.727272727273,1.57727272727273,1,24,28,24
7  7 
SLTFR8  group1 0.3 2212 6 22 7 0.3  (2212,6,22,7)(2114,4,26,10)168.636363636364,1.74545454545455,2,25,25,20
5  7 
SLTFR9  group1 0.125 1520 6 22 5 0.02  (1347,7,25,7)(1520,6,22,5)199.545454545455,1.80909090909091,3,26,27,22
3  3 
SLTFR10  group1 0.7 2397 3 21 3 0.7  (2397,3,21,3)(2282,1,22,5)106.363636363636,1.45454545454545,0,22,30,21
6  6 
SLTFR11  group1 0.4 2208 1 18 6 0.4  (1682,1,18,6)(2208,1,18,6)124.090909090909,1.10909090909091,4,30,26,18
8  8 
SLTFR12  group2 0.15 1453 3 25 8 0.15  (1453,3,25,8)(1219,3,19,4)119.545454545455,1.49090909090909,2,25,26,24
8  8 
SLTFR13  group1 0.2 1951 1 21 8 0.2  (1951,1,21,8)(1742,1,21,8)151.363636363636,1.68181818181818,0,23,26,18
5  5 
SLTFR14  group1 0.28 1780 9 27 5 0.28  (1614,8,27,5)(1780,9,27,5)207.727272727273,2.10909090909091,1,25,27,25
6  6 
SLTFR15  group1 0.356 1856 6 23 6 0.356  (1856,6,23,6)(1609,5,23,6)124.090909090909,1.16363636363636,1,26,28,25
3  3 
SLTFR16  group1 0.646 2146 3 20 3 0.646  (2146,3,20,3)(1763,3,21,4)150.454545454545,1.57727272727273,2,28,24,21
7  4 
SLTFR17  group1 0.3 1800 1 23 7 0.3  (1376,7,23,4)(1800,1,23,7)164.090909090909,1.62727272727273,3,26,27,20
5  5 
SLTFR18  group1 0.5 2062 3 21 5 0.5  (2062,3,21,5)(1978,1,22,7)97.7272727272727,1.30454545454545,1,25,29,21
5  2 
SLTFR19  group1 0.442 1942 1 22 5 0.442  (1827,6,22,2)(1942,1,22,5)155,2.08181818181818,1,24,26,24
8  8 
SLTFR20  group1 0.2 2173 4 22 8 0.2  (2173,4,22,8)(1647,4,22,8)124.545454545455,1.60909090909091,2,25,28,18
3  3 
SLTFR21  group1 0.562 2062 1 19 3 0.562  (2062,1,19,3)172.727272727273,1.94090909090909,2,25,26,21
5  6 
SLTFR22  group1 0.446 1946 5 21 5 0.446  (2214,2,21,6)(1946,5,21,5)128.636363636364,1.84090909090909,1,23,25,24
2  2 
SLTFR23  group1 0.512 2012 3 20 2 0.512  (2012,3,20,2)(1897,1,19,2)168.181818181818,1.88181818181818,0,23,29,22
-1)  -1) 
SLTFR24  fail -1000 (-1,0,0,-1),-1000  (-10000,0,0,0)124.545454545455,0.495454545454546,3,30,24,22
8  10 
SLTFR25  group1 0.2 1748 4 24 8 0.2  (1853,2,24,10)(1748,4,24,8)160,1.76363636363636,1,23,29,27
6  6 
SLTFR26  group1 0.394 1894 5 25 6 0.394  (1894,5,25,6)(1750,6,24,5)124.090909090909,1.35454545454545,1,23,29,21
5  5 
SLTFR27  group1 0.318 1818 8 26 5 0.318  (1818,8,26,5)(1554,3,23,6)115,1.50909090909091,3,26,28,23
1  1 
SLTFR28  group1 0.188 1688 1 17 1 0.188  (1456,1,17,1)(1688,1,17,1)92.7272727272727,1.37727272727273,2,26,27,26
5  5 
SLTFR29  group1 0.5 2033 4 22 5 0.5  (2033,4,22,5)(1807,4,20,4)137.272727272727,1.74545454545455,1,25,28,18
4  4 
SLTFR30  group1 0.445 1945 2 20 4 0.445  (1945,2,20,4)(1904,2,19,4)181.363636363636,2.14545454545455,3,23,28,19
8  9 
SLTFR31  group1 0.14 1640 2 18 8 0.14  (1779,1,22,9)(1640,2,18,8)150.909090909091,1.76363636363636,2,24,28,15
8  9 
SLTFR32  group1 0.2 2132 7 27 8 0.2  (2341,7,28,9)(2132,7,27,8)146.363636363636,1.61818181818182,0,24,28,26
7  7 
SLTFR33  group1 0.3 2223 6 24 7 0.3  (2223,6,24,7)(1994,6,24,7)172.727272727273,1.94090909090909,1,25,24,22
4  4 
SLTFR34  group1 0.442 1942 1 17 4 0.442  (1942,1,17,4)(1721,1,18,5)141.818181818182,1.50909090909091,2,26,28,23
6  6 
SLTFR35  group1 0.4 1985 7 24 6 0.4  (1985,7,24,6)(2066,7,24,6)128.636363636364,1.87272727272727,0,23,26,19
5  9 
SLTFR36  group1 0.5 2334 5 23 5 0.5  (2619,8,31,9)(2334,5,23,5)155,1.87272727272727,0,23,29,22
4  5 
SLTFR37  group1 0.6 2458 7 23 4 0.6  (1904,5,23,5)(2458,7,23,4)132.727272727273,1.7,1,25,29,23
5  7 
SLTFR38  group1 0.284 1784 7 24 5 0.284  (1693,2,22,7)(1784,7,24,5)133.181818181818,1.77727272727273,1,23,26,20
7  7 
SLTFR39  group2 0.1 1477 5 28 7 0.1  (1477,5,28,7)(1335,5,28,7)155.454545454545,1.18181818181818,1,27,28,21
-1)  -1) 
SLTFR40  fail -1000 (-1,0,0,-1),-1000  (-10000,0,0,0)101.818181818182,-0.704545454545454,10,30,39,57
8  -1) 
SLTFR41  group1 0.2 2031 20 38 8 0.2  (2031,20,38,8)(1553,19,39,9)88.6363636363636,0.0318181818181818,6,31,28,29
4  -1) 
SLTFR42  group1 0.6 3008 29 48 4 0.6  (3008,29,48,4)(2992,29,52,5)35.4545454545455,-0.981818181818182,7,28,37,49
3  3 
SLTFR43  group1 0.7 2249 9 25 3 0.7  (2249,9,25,3)(2148,9,25,3)173.181818181818,1.85454545454545,1,24,27,26
7  6 
SLTFR44  group2 0.05 1085 5 21 6 0.05  (1085,5,21,6)(1329,4,22,7)172.727272727273,1.53636363636364,2,23,30,22
6  6 
SLTFR45  group1 0.4 2437 5 24 6 0.4  (2437,5,24,6)(2248,5,24,6)146.363636363636,1.73181818181818,1,23,27,19
3  -1) 
SLTFR46  group1 0.523 2023 21 37 3 0.523  (1881,22,40,4)(2023,21,37,3)93.1818181818182,0.254545454545454,4,28,30,44
4  -1) 
SLTFR47  group1 0.6 3076 25 43 4 0.6  (3076,25,43,4)(2588,25,44,4)75.4545454545455,-0.640909090909091,7,28,35,18
9  10 
SLTFR48  group1 0.15 1718 1 21 9 0.1  (2136,6,24,10)(1718,1,21,9)129.090909090909,1.58181818181818,1,24,26,21
7  8 
SLTFR49  group2 0.05 1345 5 23 8 0.05  (1345,5,23,8)(1497,4,22,7)172.727272727273,1.53636363636364,2,23,30,20
6  6 
SLTFR50  group1 0.323 1823 3 25 6 0.323  (1823,3,25,6)(1810,2,23,6)155,1.95454545454545,1,24,27,25
5  5 
SLTFR51  group1 0.5 2243 1 19 5 0.5  (1808,1,19,5)(2243,1,19,5)163.636363636364,2.03636363636364,1,22,27,24
4  6 
SLTFR52  group1 0.6 2345 7 23 4 0.6  (2409,2,22,6)(2345,7,23,4)190.454545454545,2.11818181818182,1,22,27,23
-1)  -1) 
SLTFR53  fail -1000 (-1,0,0,-1),-1000  (-10000,0,0,0)84.5454545454546,0.345454545454545,3,25,31,23
5  5 
SLTFR54  group2 0.175 1463 3 22 5 0.175  (1463,3,22,5)(1104,3,25,7)132.727272727273,1.65,3,26,25,24
8  8 
SLTFR55  group1 0.2 1946 5 24 8 0.2  (1946,5,24,8)(2037,1,23,8)141.818181818182,1.6,2,25,28,24
6  6 
SLTFR56  group1 0.15 1616 8 27 6 0.116  (1616,8,27,6)(1217,6,25,6)150.909090909091,1.35,2,28,26,24
7  10 
SLTFR57  group1 0.3 1904 6 22 7 0.3  (2135,6,25,10)(1904,6,22,7)120,1.87272727272727,0,23,25,22
5  5 
SLTFR58  group1 0.5 2033 6 25 5 0.5  (2033,6,25,5)(1889,6,25,5)163.636363636364,1.79090909090909,2,25,26,24
8  8 
SLTFR59  group1 0.2 1864 6 23 8 0.2  (1864,6,23,8)(1477,5,21,8)124.545454545455,1.48181818181818,2,26,27,21
3  3 
SLTFR60  group1 0.7 2652 9 26 3 0.7  (2652,9,26,3)(2445,9,26,3)145.909090909091,0.986363636363636,4,29,27,23
5  5 
SLTFR61  group1 0.2 1685 3 22 5 0.185  (1685,3,22,5)(1411,3,22,5)97.2727272727273,1.7,2,25,24,35
6  6 
SLTFR62  group1 0.4 2166 6 25 6 0.4  (2166,6,25,6)(1995,6,25,6)128.181818181818,1.71818181818182,2,26,25,23
6  6 
SLTFR63  group1 0.331 1831 6 23 6 0.331  (1831,6,23,6)(1380,8,26,7)190.909090909091,1.57272727272727,4,26,26,22
7  7 
SLTFR64  group1 0.3 1818 7 26 7 0.3  (1818,7,26,7)(1854,7,26,7)146.363636363636,1.53636363636364,1,25,26,21
6  6 
SLTFR65  group1 0.4 2306 3 21 6 0.4  (2306,3,21,6)(2130,3,21,6)195,2.22272727272727,2,27,23,18
5  5 
SLTFR66  group2 0.125 1079 4 23 5 0.125  (1079,4,23,5)(1015,4,23,5)141.363636363636,1.34090909090909,3,27,27,23
7  7 
SLTFR67  group1 0.3 2348 8 29 7 0.3  (2348,8,29,7)(2086,4,23,7)190.454545454545,1.91818181818182,2,24,27,23
4  5 
SLTFR68  group1 0.6 2443 3 22 4 0.6  (1847,6,23,5)(2443,3,22,4)194.545454545455,2.28181818181818,1,24,25,23
0  1 
SLTFR69  group1 1 2773 17 33 0 1  (2819,15,33,1)(2773,17,33,0)75.4545454545455,0.386363636363637,5,31,28,33
4  -1) 
SLTFR70  group1 0.6 2261 23 40 4 0.6  (2261,23,40,4)(2217,23,42,5)93.1818181818182,-0.504545454545455,8,32,29,42
7  7 
SLTFR71  group1 0.189 1689 2 21 7 0.189  (1689,2,21,7)(1531,1,21,7)164.090909090909,1.41363636363636,3,27,29,19
3  3 
SLTFR72  group1 0.659 2159 7 26 3 0.659  (2156,7,26,3)(2159,7,26,3)101.818181818182,1.16363636363636,3,25,28,26
9  9 
SLTFR73  group1 0.1 1633 7 26 9 0.1  (1633,7,26,9)(1135,7,26,9)106.363636363636,1.32272727272727,4,28,26,31
6  6 
SLTFR74  group1 0.4 1933 5 24 6 0.4  (1933,5,24,6)(1476,5,21,4)141.363636363636,1.42272727272727,3,27,28,17
4  4 
SLTFR75  group1 0.428 1928 3 19 4 0.428  (1928,3,19,4)(1911,3,21,5)190,2.255,1,25,25,22
5  5 
SLTFR76  group1 0.5 2365 2 21 5 0.5  (2365,2,21,5)(2587,1,21,5)167.727272727273,2.32272727272727,1,22,25,23
5  5 
SLTFR77  group1 0.5 2043 6 24 5 0.5  (2043,6,24,5)(1882,6,24,5)164.090909090909,1.68636363636364,2,25,28,24
3  4 
SLTFR78  group1 0.7 2404 10 26 3 0.7  (2640,10,28,4)(2404,10,26,3)141.818181818182,1.34545454545455,3,26,27,27
3  5 
SLTFR79  group1 0.7 2319 6 24 3 0.7  (2597,6,27,5)(2319,6,24,3)159.545454545455,1.56363636363636,4,27,28,26
7  -1) 
SLTFR80  fail -0.221 1279,20,41,7,-0.221  (1279,20,41,7)(1172,20,41,7)75.4545454545455,-0.772727272727273,9,44,27,40
7  7 
SLTFR81  group1 0.21 1710 1 19 7 0.21  (1710,1,19,7)(1268,1,19,7)137.727272727273,1.49545454545455,3,24,28,17
8  8 
SLTFR82  group1 0.2 1945 7 25 8 0.2  (1945,7,25,8)(1682,8,25,7)119.545454545455,1.26363636363636,2,27,28,23
5  5 
SLTFR83  group1 0.5 2189 5 25 5 0.5  (2189,5,25,5)(2164,5,24,5)128.181818181818,1.18636363636364,2,28,25,17
-1)  -1) 
SLTFR84  fail -1000 (-1,0,0,-1),-1000  (-10000,0,0,1)186.363636363636,1.47272727272727,0,27,22,23
9  9 
SLTFR85  group1 0.1 1707 1 19 9 0.1  (1707,1,19,9)(1531,1,24,11)106.818181818182,1.39090909090909,1,26,26,19
-1)  -1) 
SLTFR86  fail -1000 (-1,0,0,-1),-1000  (-10000,0,0,0)115,0.45,3,27,30,21
7  7 
SLTFR87  group1 0.243 1743 1 20 7 0.243  (1743,1,20,7)(1517,5,21,5)155,1.45909090909091,3,24,31,16
-1)  -1) 
SLTFR88  fail -1000 (-1,0,0,-1),-1000  (-10000,0,0,0)53.1818181818182,-1.23636363636364,12,34,36,13
5  10 
SLTFR89  group1 0.5 2216 2 18 5 0.5  (2309,2,24,10)(2216,2,18,5)137.272727272727,2.1,0,22,26,23
-1)  -1) 
SLTFR90  fail -1000 (-1,0,0,-1),-1000  (-10000,0,0,0)35.4545454545455,-1.66363636363636,13,40,31,56
-1)  -1) 
SLTFR91  fail -1000 (-1,0,0,-1),-1000  (-10000,0,0,1)110.909090909091,-0.527272727272727,10,26,39,27
2  3 
SLTFR92  group1 0.8 2358 20 38 2 0.8  (2636,17,37,3)(2358,20,38,2)48.6363636363636,-0.609090909090909,4,31,33,40
-1)  -1) 
SLTFR93  fail -1000 (-1,0,0,-1),-1000  (-10000,0,0,0)44.5454545454546,-0.990909090909091,9,26,37,16
5  5 
SLTFR94  group1 0.5 2124 1 20 5 0.5  (2124,1,20,5)(2126,1,20,5)164.090909090909,1.98181818181818,1,23,26,22
5  5 
SLTFR95  group2 0.025 1205 1 17 5 0.025  (1205,1,17,5)(1061,1,21,8)172.727272727273,1.30909090909091,4,24,31,18
-1)  -1) 
SLTFR96  fail -1000 (-1,0,0,-1),-1000  (-10000,0,0,1)35.4545454545455,-0.795454545454546,6,30,33,43
9  9 
SLTFR97  group1 0.1 2110 6 24 9 0.1  (2110,6,24,9)(1808,6,24,9)124.090909090909,1.04545454545455,3,26,26,21
5  4 
SLTFR98  group1 0.075 1558 5 22 5 0.058  (1375,4,20,4)(1558,5,22,5)150,1.30454545454545,4,30,29,18
-1)  -1) 
SLTFR99  fail -1000 (-1,0,0,-1),-1000  (-10000,0,0,1)79.5454545454545,-0.368181818181818,5,33,30,23
6  6 
SLTFR100  group1 0.4 2475 5 24 6 0.4  (2475,5,24,6)(2141,5,23,6)115.454545454545,1.45,2,23,29,25
6  6 
CAPFR1  group1 0.247 1747 6 24 6 0.247  (1747,6,24,6)(1599,6,26,8)142.272727272727,1.43636363636364,1,26,28,26
12  10 
CAPFR2  fail 0.1 1125,16,34,10,0.1  (1125,16,34,10)(1459,13,34,12)115.454545454545,0.836363636363636,4,28,28,16
7  7 
CAPFR3  group1 0.2 1506 3 25 7 0.006  (1506,3,25,7)(1438,3,19,3)145.909090909091,1.85454545454545,2,25,24,24
5  5 
CAPFR4  group2 0.15 1396 3 19 5 0.15  (1396,3,19,5)(1464,1,18,5)137.272727272727,1.63181818181818,1,24,26,25
4  4 
CAPFR5  group1 0.6 2348 7 25 4 0.6  (2348,7,25,4)(2360,5,26,6)84.0909090909091,1.09545454545455,2,23,30,25
4  5 
CAPFR6  group1 0.6 2400 1 24 4 0.6  (2153,2,27,5)(2400,1,24,4)190.454545454545,2.12727272727273,2,24,27,22
4  4 
CAPFR7  group1 0.538 2038 12 28 4 0.538  (1941,8,30,9)(2038,12,28,4)141.363636363636,1.34545454545455,2,27,27,30
5  5 
CAPFR8  group1 0.5 2012 7 25 5 0.5  (2012,7,25,5)(1881,5,26,7)101.818181818182,1.03636363636364,2,26,30,25
5  4 
CAPFR9  group1 0.218 1718 2 21 5 0.218  (1554,4,22,4)(1718,2,21,5)124.090909090909,1.72727272727273,1,23,27,25
7  7 
CAPFR10  group1 0.3 1922 1 21 7 0.3  (1922,1,21,7)141.818181818182,1.39090909090909,1,25,26,14
3  3 
CAPFR11  group1 0.329 1829 1 23 3 0.329  (1783,1,23,3)(1829,1,23,3)163.636363636364,2.09545454545455,1,24,23,16
7  7 
CAPFR12  group1 0.1 1524 6 24 7 0.024  (1524,6,24,7)(1478,1,21,7)158.095238095238,1.37142857142857,4,27,28,20
5  5 
CAPFR13  group1 0.05 1506 10 30 5 0.006  (1394,10,30,5)(1506,10,30,5)145.909090909091,0.945454545454545,5,29,30,32
3  3 
CAPFR14  group1 0.606 2106 5 21 3 0.606  (2106,5,21,3)(1874,2,20,4)137.272727272727,1.9,2,23,25,23
7  7 
CAPFR15  group1 0.3 1838 7 27 7 0.3  (1838,7,27,7)(1488,4,22,6)106.363636363636,1.31363636363636,3,23,27,23
7  7 
CAPFR16  group1 0.265 1765 6 24 7 0.265  (1765,6,24,7)155,1.32272727272727,2,26,29,22
5  5 
CAPFR17  group1 0.359 1859 3 21 5 0.359  (1859,3,21,5)(1676,3,20,4)155,1.35909090909091,3,26,29,20
7  8 
CAPFR18  group1 0.3 1904 4 23 7 0.3  (2187,4,24,8)(1904,4,23,7)137.727272727273,1.73181818181818,1,25,27,20
4  5 
CAPFR19  group1 0.489 1989 7 25 4 0.489  (1980,4,25,5)(1989,7,25,4)110.909090909091,1.79545454545455,0,23,25,25
8  8 
CAPFR20  group1 0.2 2014 6 24 8 0.2  (2014,6,24,8)(2182,5,25,9)110.909090909091,1.45454545454545,0,23,27,19
6  6 
CAPFR21  group1 0.205 1705 3 19 6 0.205  (1705,3,19,6)(1275,3,25,8)93.6363636363636,1.01818181818182,3,27,29,20
6  6 
CAPFR22  group1 0.4 1954 3 22 6 0.4  (1954,3,22,6)(2023,4,21,6)190.909090909091,2.00909090909091,1,23,26,17
5  5 
CAPFR23  group1 0.405 1905 6 25 5 0.405  (1905,6,25,5)(1845,6,25,5)190,2.20909090909091,2,23,26,20
4  4 
CAPFR24  group1 0.6 2322 6 22 4 0.6  (2322,6,22,4)(2304,1,18,5)141.363636363636,2.08181818181818,0,22,27,26
7  7 
CAPFR25  group2 0.125 1072 4 22 7 0.125  (1072,4,22,7)(913,5,22,7)137.727272727273,1.24090909090909,3,26,27,22
5  5 
CAPFR26  group1 0.489 1989 7 23 5 0.489  (1989,7,23,5)(1705,1,22,7)172.727272727273,1.93636363636364,2,25,27,16
3  3 
CAPFR27  group1 0.345 1845 14 31 3 0.345  (1845,14,31,3)(1836,14,31,3)159.090909090909,1.14545454545455,0,28,26,30
4  5 
CAPFR28  group2 0.1 1149 1 18 5 0.1  (1149,1,18,5)(1245,1,17,4)115.454545454545,0.968181818181818,5,29,28,16
8  8 
CAPFR29  fail -0.234 666,1,21,8,-0.234  (666,1,21,8)146.363636363636,0.863636363636364,2,30,25,20
4  4 
CAPFR30  group1 0.545 2045 1 18 4 0.545  (1613,2,18,4)(2045,1,18,4)132.272727272727,1.5,1,26,25,22
6  6 
CAPFR31  group2 0.175 1407 3 22 6 0.175  (1407,3,22,6)(1173,3,19,4)137.272727272727,1.72727272727273,2,25,25,22
4  4 
CAPFR32  group1 0.6 2458 16 32 4 0.6  (2458,16,32,4)(2462,14,32,5)128.636363636364,0.713636363636364,4,28,29,28
9  9 
CAPFR33  group1 0.1 2134 6 24 9 0.1  (2134,6,24,9)(1744,6,24,9)124.090909090909,0.827272727272728,4,29,26,23
4  4 
CAPFR34  group2 0.075 1241 1 20 4 0.075  (1241,1,20,4)(967,1,17,2)137.272727272727,1.02272727272727,3,26,29,19
7  7 
CAPFR35  group2 0.125 1149 6 24 7 0.125  (1149,6,24,7)(1101,5,21,4)146.363636363636,1.45,2,25,27,21
6  7 
CAPFR36  group1 0.4 2067 7 25 6 0.4  (2147,8,26,7)(2067,7,25,6)164.090909090909,1.23636363636364,4,29,29,23
8  6 
CAPFR37  group2 0.1 1242 7 28 6 0.1  (1242,7,28,6)(1336,4,24,8)137.272727272727,1.4,1,24,28,24
7  7 
CAPFR38  group1 0.3 2090 3 23 7 0.3  (2090,3,23,7)(1923,3,23,7)106.363636363636,1.49090909090909,1,23,27,23
6  6 
CAPFR39  group1 0.217 1717 4 22 6 0.217  (1717,4,22,6)(1253,4,23,7)128.636363636364,1.41818181818182,2,25,30,16
4  4 
CAPFR40  group1 0.6 2428 5 23 4 0.6  (2428,5,23,4)(2229,5,23,4)115.454545454545,1.66363636363636,1,25,26,22
7  7 
CAPFR41  group1 0.3 2088 3 23 7 0.3  (2088,3,23,7)(2043,3,23,7)124.090909090909,1.57727272727273,1,23,27,23
2  1 
CAPFR42  group1 0.215 1715 1 18 2 0.215  (1564,1,17,1)(1715,1,18,2)181.363636363636,1.78636363636364,1,26,25,23
3  3 
CAPFR43  group1 0.7 2472 7 23 3 0.7  (2472,7,23,3)(2510,5,23,4)110.909090909091,1.65909090909091,1,25,27,19
4  4 
CAPFR44  group1 0.6 2122 1 18 4 0.6  (2122,1,18,4)150.454545454545,2.01818181818182,2,25,27,17
4  4 
CAPFR45  group1 0.381 1881 1 19 4 0.381  (1881,1,19,4)(1831,1,19,4)124.090909090909,1.40909090909091,2,29,26,19
3  4 
CAPFR46  group2 0.1 1194 3 19 4 0.1  (1194,3,19,4)(1264,1,18,3)132.727272727273,1.18636363636364,2,26,28,18
2  2 
CAPFR47  group1 0.303 1803 1 19 2 0.303  (1803,1,19,2)(1482,1,19,2)190.454545454545,1.42727272727273,2,27,28,19
6  6 
CAPFR48  group1 0.4 1991 1 20 6 0.4  (1991,1,20,6)(1807,1,21,7)159.545454545455,1.82727272727273,2,26,23,18
8  8 
CAPFR49  group1 0.2 2706 12 32 8 0.2  (2377,9,31,9)(2706,12,32,8)106.363636363636,0.754545454545455,1,26,25,26
7  7 
CAPFR50  group1 0.205 1705 1 24 7 0.205  (1615,2,24,7)(1705,1,24,7)154.545454545455,1.86363636363636,2,25,28,24
7  7 
CAPFR51  group1 0.3 1923 11 29 7 0.3  (1923,11,29,7)(1747,8,27,8)173.181818181818,1.59545454545455,3,25,25,25
6  6 
CAPFR52  group1 0.4 1947 9 26 6 0.4  (1947,9,26,6)(1688,4,24,7)120,1.33636363636364,2,26,29,22
5  5 
CAPFR53  group1 0.5 2134 5 24 5 0.5  (2134,5,24,5)(2080,5,24,5)146.363636363636,1.56818181818182,1,23,28,18
-1)  -1) 
CAPFR54  fail -1000 (-1,0,0,-1),-1000  (-10000,0,0,0)44.0909090909091,-1.16818181818182,11,32,38,17
8  8 
CAPFR55  group1 0.2 2026 6 25 8 0.2  (2250,6,26,9)(2026,6,25,8)137.727272727273,1.86818181818182,0,23,25,20
4  4 
CAPFR56  group1 0.15 1548 3 22 4 0.048  (1322,3,22,4)(1548,3,22,4)123.636363636364,1.60909090909091,2,25,26,24
7  7 
CAPFR57  group1 0.3 2213 6 24 7 0.3  (2213,6,24,7)(1924,6,24,7)168.181818181818,1.92727272727273,1,25,24,22
6  6 
CAPFR58  group1 0.213 1713 1 24 6 0.213  (1713,1,24,6)163.636363636364,1.72272727272727,2,26,27,24
4  4 
CAPFR59  group1 0.381 1881 1 19 4 0.381  (1881,1,19,4)(1831,1,19,4)124.090909090909,1.40909090909091,2,29,26,19
7  7 
CAPFR60  group1 0.3 2173 4 23 7 0.3  (2173,4,23,7)(2109,5,24,7)150.454545454545,1.88636363636364,3,27,25,17
7  7 
CAPFR61  group1 0.3 1949 8 27 7 0.3  (1949,8,27,7)(1686,8,26,6)181.363636363636,1.40454545454545,5,28,28,20
6  6 
CAPFR62  group1 0.125 1558 1 20 6 0.058  (1558,1,20,6)(1519,1,17,4)150.454545454545,1.50909090909091,3,26,27,20
5  5 
CAPFR63  group1 0.5 2098 4 22 5 0.5  (2098,4,22,5)(1957,4,27,9)185.909090909091,1.80909090909091,3,27,26,18
6  6 
CAPFR64  group1 0.4 2503 5 24 6 0.4  (2503,5,24,6)(2294,5,23,6)146.363636363636,1.73181818181818,1,23,27,19
8  8 
CAPFR65  group2 0.1 1469 4 24 8 0.1  (1469,4,24,8)(1240,2,22,9)137.727272727273,1.47272727272727,2,25,28,24
4  8 
CAPFR66  group1 0.6 2274 1 18 4 0.6  (2332,1,22,8)(2274,1,18,4)137.727272727273,1.9,0,22,29,21
-1)  -1) 
CAPFR67  fail -1000 (-1,0,0,-1),-1000  (-10000,0,0,1)49.0909090909091,-0.718181818181818,5,27,36,42
7  5 
CAPFR68  group1 0.3 1808 4 24 7 0.3  (1646,9,25,5)(1808,4,24,7)120,1.33636363636364,2,26,29,22
5  5 
CAPFR69  group1 0.314 1814 4 22 5 0.314  (1814,4,22,5)(1534,1,19,5)150.909090909091,1.52727272727273,5,28,27,16
5  4 
CAPFR70  group1 0.218 1718 2 21 5 0.218  (1554,4,22,4)(1718,2,21,5)124.090909090909,1.72727272727273,1,23,27,25
5  5 
CAPFR71  group1 0.218 1718 3 21 5 0.218  (1718,3,21,5)(1649,3,20,4)172.727272727273,1.40454545454545,3,26,29,20
7  8 
CAPFR72  group1 0.3 2000 2 21 7 0.3  (2227,6,25,8)(2000,2,21,7)137.727272727273,1.83636363636364,0,23,25,20
4  4 
CAPFR73  group1 0.6 2206 5 24 4 0.6  (2206,5,24,4)(2126,6,24,4)146.363636363636,1.57272727272727,1,23,28,18
4  -1) 
CAPFR74  group1 0.6 2795 28 47 4 0.6  (2795,28,47,4)(2402,28,47,4)84.0909090909091,0.586363636363636,3,26,28,46
5  5 
CAPFR75  group1 0.2 1653 9 26 5 0.153  (1653,9,26,5)(1354,4,25,5)133.181818181818,1.83181818181818,1,24,24,22
10  10 
CAPFR76  group1 0 2176 15 32 10 0  (2176,15,32,10)(2115,10,32,12)49.5454545454545,0.790909090909091,3,22,29,29
3  4 
CAPFR77  group1 0.172 1672 3 20 3 0.172  (1634,3,21,4)(1672,3,20,3)190.454545454545,1.71818181818182,2,27,28,20
5  5 
CAPFR78  group1 0.412 1912 7 24 5 0.412  (1912,7,24,5)(1733,5,23,5)133.181818181818,1.62727272727273,2,27,26,23
5  6 
CAPFR79  group1 0.5 2168 6 23 5 0.5  (2179,5,23,6)(2168,6,23,5)177.272727272727,1.89090909090909,1,22,28,23
4  3 
CAPFR80  group1 0.238 1738 1 23 4 0.238  (1682,7,26,3)(1738,1,23,4)194.545454545455,2.05,1,25,27,24
5  5 
P3  group1 0.5 2152 7 25 5 0.5  (2152,7,25,5)(2163,9,29,6)172.727272727273,1.36363636363636,4,26,28,19
7  7 
P12  group1 0.3 2225 3 25 7 0.3  (2225,3,25,7)(1777,3,22,6)110.909090909091,1.26818181818182,1,25,28,18
5  7 
P16  group1 0.5 2065 7 23 5 0.5  (2078,8,26,7)(2065,7,23,5)190.454545454545,1.79545454545455,1,25,27,28
2  2 
P25  group1 0.63 2130 1 20 2 0.63  (2130,1,20,2)(1937,1,20,2)172.727272727273,2.05909090909091,0,23,27,19
4  5 
P33  group1 0.6 2211 7 23 4 0.6  (2079,7,24,5)(2211,7,23,4)159.545454545455,2.01818181818182,1,24,26,19
7  7 
P103  group1 0.3 1811 9 27 7 0.3  (1811,9,27,7)(1941,9,27,7)137.272727272727,1.75909090909091,1,23,26,20
6  6 
P306  group1 0.15 1626 4 24 6 0.126  (1502,4,24,6)(1626,4,24,6)154.545454545455,1.70454545454545,1,24,26,22
7  7 
P444  group1 0.3 1927 1 20 7 0.3  (1927,1,20,7)(2082,1,21,8)177.272727272727,1.88636363636364,2,25,26,20
6  6 
P501  group1 0.4 2006 8 29 6 0.4  (2006,8,29,6)(1702,8,29,6)137.272727272727,1.57727272727273,2,24,27,26
9  9 
PIE1  group2 0.075 1377 5 24 9 0.075  (1377,5,24,9)(1248,5,21,9)89.0909090909091,0.977272727272727,2,26,29,20
-1)  -1) 
PIE2  fail -1000 (-1,0,0,-1),-1000  (-10000,0,0,1)62.7272727272727,-0.381818181818182,8,31,33,21
4  8 
PIE3  group1 0.51 2010 3 19 4 0.51  (2236,3,24,8)(2010,3,19,4)115,1.9,2,26,26,21
8  8 
PIE4  fail 0.175 1590,1,20,8,0.175  (1910,5,26,12)(1590,1,20,8)150.454545454545,1.50909090909091,2,26,25,25
11  11 
PIE5  fail -0.1 1643,1,20,11,-0.1  (1643,1,20,11)(1471,3,23,12)129.090909090909,1.27272727272727,3,24,29,48
8  8 
PIE6  group1 0.2 1850 1 18 8 0.2  (1850,1,18,8)124.545454545455,1.47272727272727,2,24,26,16
9  9 
PIE7  group2 0.1 1470 9 28 9 0.1  (1470,9,28,9)(1339,8,29,11)137.272727272727,1.51818181818182,1,25,27,19
5  5 
PIE8  group1 0.5 2629 9 27 5 0.5  (2629,9,27,5)(2680,7,27,5)185.909090909091,1.95454545454545,2,27,24,21
8  8 
PIE9  group1 0.2 1713 3 21 8 0.2  (1713,3,21,8)(1208,3,21,8)124.090909090909,1.13181818181818,1,24,30,15
10  10 
PIE10  group2 0.1 1357 2 20 10 0.1  (1357,2,20,10)(1257,1,20,10)133.636363636364,1.38181818181818,2,24,28,18
7  7 
PIE11  group2 0.125 1056 1 18 7 0.125  (1056,1,18,7)(1241,1,18,7)137.727272727273,1.05909090909091,2,27,27,15
10  10 
PIE12  group1 0.1 1694 3 22 10 0  (1694,3,22,10)(1371,3,23,11)124.545454545455,1.26818181818182,2,24,28,15
6  6 
PIE13  group1 0.392 1892 3 22 6 0.392  (1892,3,22,6)(1649,3,23,7)102.272727272727,1.31363636363636,1,23,28,23
10  10 
PIE14  group1 0.125 1941 3 22 10 0  (1941,3,22,10)(1853,3,23,11)137.727272727273,1.61363636363636,1,23,27,15
-1)  -1) 
PIE15  fail -1000 (-1,0,0,-1),-1000  (-10000,0,0,1)124.545454545455,0.631818181818182,3,27,28,17
11  11 
PIE16  fail -0.1 1476,1,20,11,-0.1  (1476,1,20,11)(1288,4,25,11)106.818181818182,0.990909090909091,4,29,27,20
10  10 
PIE17  group2 0.1 1287 6 24 10 0.1  (955,7,24,9)(1287,6,24,10)137.727272727273,0.95,3,28,28,20
8  8 
PIE18  group1 0.108 1608 3 22 8 0.108  (1608,3,22,8)(1550,3,25,10)115,1.40454545454545,1,23,28,26
7  7 
PIE19  group2 0.1 1154 1 21 7 0.1  (1154,1,21,7)(1113,5,21,6)137.727272727273,1.24090909090909,3,25,28,21
11  9 
PIE20  fail 0.1 1195,4,21,9,0.1  (1455,3,23,11)(1195,4,21,9)120,1.32727272727273,2,28,26,21
7  7 
PIE21  group1 0.3 2028 11 31 7 0.3  (2028,11,31,7)(1773,14,32,6)115,0.704545454545454,4,27,29,23
9  9 
PIE22  group1 0.1 2010 3 23 9 0.1  (2010,3,23,9)(1762,3,23,9)141.818181818182,1.92272727272727,1,25,26,15
10  10 
PIE23  group1 0.1 1503 6 25 10 0  (1503,6,25,10)(948,3,21,9)146.818181818182,1.28181818181818,2,28,28,18
8  8 
SLE1  group1 0.2 1945 7 25 8 0.2  (1945,7,25,8)(1682,8,25,7)119.545454545455,1.26363636363636,2,27,28,23
9  9 
SLE2  group1 0.1 1707 1 19 9 0.1  (1707,1,19,9)(1531,1,24,11)106.818181818182,1.39090909090909,1,26,26,19
4  4 
SLE3  group1 0.527 2027 2 19 4 0.527  (2027,2,19,4)(2021,1,19,4)159.545454545455,1.94545454545455,1,25,26,19
6  6 
SLE4  group1 0.37 1870 1 22 6 0.37  (1870,1,22,6)(1583,1,21,5)177.272727272727,1.95454545454545,1,26,25,21
8  8 
SLE5  fail -0.025 1322,14,36,8,-0.025  (1322,14,36,8)(831,14,37,9)110.909090909091,0.313636363636364,5,35,23,31
5  5 
SLE6  group1 0.388 1888 5 24 5 0.388  (1888,5,24,5)(1651,6,23,5)106.363636363636,1.26818181818182,1,23,29,20
6  7 
SLE7  group1 0.4 2212 5 23 6 0.4  (2320,5,24,7)(2212,5,23,6)150.909090909091,1.71363636363636,1,23,27,18
6  6 
SLE8  group1 0.075 1575 10 28 6 0.075  (1575,10,28,6)(1488,9,27,5)163.636363636364,1.14545454545455,3,27,29,24
-1)  -1) 
SLE9  fail -1000 (-1,0,0,-1),-1000  (-10000,0,0,0)48.6363636363636,-1.37272727272727,9,37,32,42
-1)  -1) 
SLE10  fail -1000 (-1,0,0,-1),-1000  (-10000,0,0,0)57.7272727272727,-0.5,5,28,30,25
6  6 
SLE11  group2 0.025 1353 4 23 6 0.025  (1353,4,23,6)106.363636363636,0.936363636363636,2,25,31,24
8  8 
SLE12  group1 0.152 1652 9 26 8 0.152  (1652,9,26,8)(1332,1,21,5)132.727272727273,1.69090909090909,0,23,29,26
9  6 
SLE13  group1 0.125 1938 6 28 9 0.1  (1938,6,28,9)(1464,7,24,6)124.545454545455,1.56363636363636,1,24,27,22
7  7 
SLE14  group1 0.3 2223 6 24 7 0.3  (2223,6,24,7)(1994,6,24,7)172.727272727273,1.94090909090909,1,25,24,22
5  5 
SLE15  group1 0.5 2357 1 20 5 0.5  (2357,1,20,5)(1972,1,19,4)155,1.49090909090909,2,25,28,15
7  7 
SLE16  group2 0.025 1316 6 23 7 0.025  (1316,6,23,7)(1143,6,23,7)119.545454545455,0.945454545454545,4,25,31,23
9  9 
SLE17  group1 0.1 1633 7 26 9 0.1  (1633,7,26,9)(1135,7,26,9)106.363636363636,1.32272727272727,4,28,26,31
-1)  -1) 
SLE18  fail -1000 (-1,0,0,-1),-1000  (-10000,0,0,1)75.4545454545455,-0.440909090909091,7,25,42,19
8  8 
SLE19  group1 0.2 1714 6 24 8 0.2  (1714,6,24,8)(1546,1,21,7)102.272727272727,1.64545454545455,0,23,27,21
6  6 
SLE20  group1 0.4 2475 5 24 6 0.4  (2475,5,24,6)(2141,5,23,6)115.454545454545,1.45,2,23,29,25
9  7 
SLE21  group1 0.1 1618 4 26 9 0.1  (1420,4,24,7)(1618,4,26,9)159.545454545455,1.26363636363636,2,24,30,23
-1)  -1) 
SLE22  fail -1000 (-1,0,0,-1),-1000  (-10000,0,0,0)53.1818181818182,-1.12727272727273,13,29,31,57
7  7 
YH04  group1 0.3 2806 4 26 7 0.3  (2806,4,26,7)(2638,4,25,7)172.727272727273,2.36818181818182,0,23,24,20
4  4 
A12_323  group1 0.6 2183 7 23 4 0.6  (2183,7,23,4)(2006,7,23,4)163.636363636364,1.77727272727273,0,25,24,28
3  3 
A12_101  group1 0.378 1878 7 23 3 0.378  (1878,7,23,3)(1678,7,23,3)146.363636363636,1.61818181818182,0,24,25,25
5  5 
A12_470  group2 0.075 1477 8 26 5 0.075  (1477,8,26,5)(1334,9,26,5)141.818181818182,1.04545454545455,3,29,29,23
10  10 
A12_162  group1 0.15 1965 7 28 10 0  (1965,7,28,10)(1607,7,29,11)177.272727272727,1.73636363636364,1,26,26,20
12  11 
A34_365  fail -0.1 1241,4,29,11,-0.1  (1610,4,30,12)(1241,4,29,11)142.272727272727,1.50909090909091,2,24,28,20
3  7 
A34_262  group1 0.581 2081 6 23 3 0.581  (2487,6,29,7)(2081,6,23,3)132.727272727273,1.33636363636364,0,26,28,29
3  3 
A12_518  group1 0.517 2017 1 18 3 0.517  (1701,1,18,3)(2017,1,18,3)167.727272727273,1.84090909090909,3,26,25,23
5  5 
A34_108  group2 0.05 900 4 23 5 0.05  (888,4,23,5)(900,4,23,5)137.272727272727,1.11818181818182,1,26,30,20
4  6 
A34_275  group1 0.6 2281 8 27 4 0.6  (2349,11,31,6)(2281,8,27,4)209.047619047619,1.57142857142857,3,25,27,27
3  3 
A12_547  group1 0.7 2309 1 17 3 0.7  (2309,1,17,3)(1987,1,18,4)157.619047619048,1.86190476190476,2,23,27,26
7  7 
A12_356  group1 0.3 1848 6 25 7 0.3  (1797,6,25,7)(1848,6,25,7)146.363636363636,1.49545454545455,0,26,27,25
6  7 
A12_107  group1 0.4 1957 1 20 6 0.4  (1950,1,21,7)(1957,1,20,6)134.761904761905,1.69523809523809,2,29,23,20
4  4 
A12_117  group1 0.6 2297 8 28 4 0.6  (2297,8,28,4)(2350,9,30,5)150.909090909091,1.57727272727273,2,23,27,32
5  5 
A34_11  fail -0.013 887,1,17,5,-0.013  (695,2,18,6)(887,1,17,5)146.111111111111,1.21111111111111,3,21,24,14
3  3 
A12_577  group2 0.1 1369 8 25 3 0.1  (1369,8,25,3)(1480,7,24,3)190,1.96363636363636,3,25,28,23
8  8 
YH25  group1 0.2 1911 4 21 8 0.2  (1848,4,23,9)(1911,4,21,8)182.272727272727,1.96363636363636,1,23,25,23
6  6 
A12_515  group1 0.4 2678 5 25 6 0.4  (2678,5,25,6)(2276,5,24,6)164.090909090909,1.8,1,26,26,24
-1)  -1) 
A34_15  fail -1000 (-1,0,0,-1),-1000  (-10000,0,0,1)168.181818181818,1.47727272727273,1,26,26,16
9  -1) 
A34_134  group1 0.1 2142 23 47 9 0.1  (2142,23,47,9)(2110,20,47,10)92.7272727272727,0.55,3,26,29,51
6  6 
YH21  group1 0.4 1974 9 25 6 0.4  (1974,9,25,6)(2066,6,25,7)128.636363636364,1.19090909090909,1,23,30,29
6  6 
A12_435  group1 0.325 1700 1 18 6 0.2  (1662,1,18,6)(1700,1,18,6)151.666666666667,2.13333333333333,0,19,19,15
4  4 
A12_295  group1 0.492 1992 1 22 4 0.492  (1992,1,22,4)(1656,1,22,4)106.363636363636,1.48636363636364,1,26,26,13
7  7 
A34_235  group1 0.201 1701 4 25 7 0.201  (1701,4,25,7)(1564,1,25,8)106.363636363636,1.77727272727273,1,27,24,22
2  2 
A12_351  group1 0.634 2134 1 18 2 0.634  (1748,1,18,2)(2134,1,18,2)137.272727272727,1.40909090909091,2,26,27,23
7  7 
A12_119  group1 0.3 1818 6 24 7 0.3  (1926,8,30,9)(1818,6,24,7)133.181818181818,1.40454545454545,5,23,27,27
8  -1) 
A34_168  group1 0.2 2159 28 48 8 0.2  (2159,28,48,8)(1995,33,50,4)53.1818181818182,-0.6,6,35,31,45
-1)  -1) 
A12_290  fail -1000 (-1,0,0,-1),-1000  (-10000,0,0,0)97.6470588235294,0.905882352941177,1,25,17,14
7  7 
A12_183  group1 0.15 1642 8 26 7 0.142  (1642,8,26,7)(1555,8,25,6)164.090909090909,1.61818181818182,4,23,26,17
5  5 
A34_84D  group2 0.075 1205 1 19 5 0.075  (1205,1,19,5)141.5,1.03,3,24,29,15
7  7 
A34_195  group1 0.3 2102 4 23 7 0.3  (2102,4,23,7)(1649,5,22,5)132.727272727273,1.80909090909091,1,24,26,22
6  6 
A34_1  group1 0.4 1982 4 24 6 0.4  (1982,4,24,6)(1818,4,23,5)150.454545454545,1.24090909090909,3,29,27,21
8  8 
A34_17  group1 0.2 2189 6 24 8 0.2  (2189,6,24,8)(2299,6,24,8)115,1.15909090909091,3,26,26,18
6  6 
A12_12  group2 0.041 941 1 19 6 0.041  (941,1,19,6)(671,1,17,5)164.210526315789,1.45789473684211,2,20,27,13
6  6 
A12_311  group1 0.4 2051 10 26 6 0.4  (2051,10,26,6)(2086,10,26,6)155,1.25909090909091,4,25,26,22
-1)  -1) 
A34_66  fail -1000 (-1,0,0,-1),-1000  (-10000,0,0,1)55.7142857142857,0.414285714285714,2,27,31,21
5  5 
A34_86  group1 0.5 2079 12 31 5 0.5  (2079,12,31,5)(1874,16,34,7)168.181818181818,1.03181818181818,5,28,30,22
5  5 
A12_361  group1 0.353 1853 12 30 5 0.353  (1853,12,30,5)(1502,12,30,5)181.363636363636,1.25909090909091,5,28,29,21
6  6 
A12_19  group1 0.372 1872 3 21 6 0.372  (1872,3,21,6)(1322,4,21,6)155,1.5,2,23,29,19
6  6 
A34_18  group1 0.325 1564 1 18 6 0.064  (1539,1,18,6)(1564,1,18,6)151.666666666667,2.06666666666667,1,19,19,15
9  9 
A34_19  group1 0.1 2115 5 25 9 0.1  (2115,5,25,9)(2055,7,25,9)142.272727272727,1.80909090909091,1,25,25,24
2  3 
A12-145  group1 0.787 2287 4 20 2 0.787  (2267,1,20,3)(2287,4,20,2)181.363636363636,2.11363636363636,1,24,26,16
2  2 
A34_141  group2 0.075 1013 7 25 2 0.075  (1013,7,25,2)(771,1,19,5)128.636363636364,0.831818181818182,3,31,28,24
